% 
% T = 450;
% B = 1.27 * 10 ^ 29;
% Eg = 1.42;
% k = 8.62 * 10^-5;
% 
% ni = sqrt(B * T^3 * exp(- Eg / (k * T)));


% J = q(n * un + p * up) * E;
Jn = 10^17 * 10^7 * 1.6 * 10^-19;
ni = 10^10;

NA = 5 * 10^17;
ND = 2 * 10^17;
%%
NA = 5.5 * 10^16;
ND = 4.5 * 10^16;

p = (ni^2)/ND;
n = (ni^2)/NA